{
 "cells": [
  {
   "cell_type": "code",
   "execution_count": 140,
   "metadata": {},
   "outputs": [],
   "source": [
    "import numpy as np\n",
    "import quandl\n",
    "import pandas as pd\n",
    "from scipy import stats\n",
    "from scipy.stats import linregress\n",
    "from pandas_datareader import data as pdr\n",
    "from sklearn.linear_model import LinearRegression \n",
    "import matplotlib.pyplot as plt\n",
    "from matplotlib.backends.backend_pdf import PdfPages\n",
    "import statsmodels.api as sm\n",
    "import seaborn as sns\n",
    "import pyfolio as pf\n",
    "%matplotlib inline\n",
    "# silence warnings\n",
    "import warnings\n",
    "warnings.filterwarnings('ignore')\n",
    "import fix_yahoo_finance as yf\n",
    "yf.pdr_override()"
   ]
  },
  {
   "cell_type": "code",
   "execution_count": 141,
   "metadata": {},
   "outputs": [],
   "source": [
    "# Pull NIFTY data from Yahoo finance \n",
    "#NIFTY = yf.download('^NSEI', start='2012-6-1', end='2016-6-1')"
   ]
  },
  {
   "cell_type": "code",
   "execution_count": 142,
   "metadata": {},
   "outputs": [
    {
     "name": "stdout",
     "output_type": "stream",
     "text": [
      "[*********************100%***********************]  21 of 21 downloaded\n"
     ]
    }
   ],
   "source": [
    "# download Panel\n",
    "#data = pdr.get_data_yahoo(\"SPY\", start=\"2017-01-01\", end=\"2017-04-30\")\n",
    "data = pdr.get_data_yahoo([\"BTCUSD=X\",\"^IXIC\",\"^DJI\",\"^FTSE\",\"^GDAXI\",\"VTI\",\"^N225\",\"MUB\",\"TIP\",\"BND\",\"TLT\",\"IEF\",\"ISTB\",\"VEU\",\"VSS\",\"VWO\",\"VNQ\",\"VNQI\",\"DBC\",\"GLD\",\"UCO\"], start=\"2014-01-01\", end=\"2019-02-22\")"
   ]
  },
  {
   "cell_type": "code",
   "execution_count": 143,
   "metadata": {},
   "outputs": [],
   "source": [
    "#data.tail()"
   ]
  },
  {
   "cell_type": "code",
   "execution_count": 144,
   "metadata": {},
   "outputs": [],
   "source": [
    "Asset_Class_Adj_Close = data['Adj Close']"
   ]
  },
  {
   "cell_type": "code",
   "execution_count": 145,
   "metadata": {},
   "outputs": [],
   "source": [
    "Asset_Class_Returns = (Asset_Class_Adj_Close / Asset_Class_Adj_Close.shift(1)) - 1\n",
    "Asset_Class_Annual_Returns = Asset_Class_Returns.mean() * 250\n",
    "Asset_Class_Volatility = Asset_Class_Returns.std() * np.sqrt(250)"
   ]
  },
  {
   "cell_type": "code",
   "execution_count": 146,
   "metadata": {},
   "outputs": [
    {
     "data": {
      "text/html": [
       "<div>\n",
       "<style scoped>\n",
       "    .dataframe tbody tr th:only-of-type {\n",
       "        vertical-align: middle;\n",
       "    }\n",
       "\n",
       "    .dataframe tbody tr th {\n",
       "        vertical-align: top;\n",
       "    }\n",
       "\n",
       "    .dataframe thead th {\n",
       "        text-align: right;\n",
       "    }\n",
       "</style>\n",
       "<table border=\"1\" class=\"dataframe\">\n",
       "  <thead>\n",
       "    <tr style=\"text-align: right;\">\n",
       "      <th></th>\n",
       "      <th>BND</th>\n",
       "      <th>BTCUSD=X</th>\n",
       "      <th>DBC</th>\n",
       "      <th>GLD</th>\n",
       "      <th>IEF</th>\n",
       "      <th>ISTB</th>\n",
       "      <th>MUB</th>\n",
       "      <th>TIP</th>\n",
       "      <th>TLT</th>\n",
       "      <th>UCO</th>\n",
       "      <th>...</th>\n",
       "      <th>VNQ</th>\n",
       "      <th>VNQI</th>\n",
       "      <th>VSS</th>\n",
       "      <th>VTI</th>\n",
       "      <th>VWO</th>\n",
       "      <th>^DJI</th>\n",
       "      <th>^FTSE</th>\n",
       "      <th>^GDAXI</th>\n",
       "      <th>^IXIC</th>\n",
       "      <th>^N225</th>\n",
       "    </tr>\n",
       "  </thead>\n",
       "  <tbody>\n",
       "    <tr>\n",
       "      <th>BND</th>\n",
       "      <td>0.000941</td>\n",
       "      <td>0.001059</td>\n",
       "      <td>-0.000305</td>\n",
       "      <td>0.001621</td>\n",
       "      <td>0.001480</td>\n",
       "      <td>0.000293</td>\n",
       "      <td>0.000550</td>\n",
       "      <td>0.001105</td>\n",
       "      <td>0.003227</td>\n",
       "      <td>-0.002348</td>\n",
       "      <td>...</td>\n",
       "      <td>0.000852</td>\n",
       "      <td>-0.000155</td>\n",
       "      <td>-0.000386</td>\n",
       "      <td>-0.000899</td>\n",
       "      <td>-0.000358</td>\n",
       "      <td>-0.000967</td>\n",
       "      <td>-0.000433</td>\n",
       "      <td>-0.000918</td>\n",
       "      <td>-0.000938</td>\n",
       "      <td>-0.000382</td>\n",
       "    </tr>\n",
       "    <tr>\n",
       "      <th>BTCUSD=X</th>\n",
       "      <td>0.001059</td>\n",
       "      <td>3.063160</td>\n",
       "      <td>-0.003336</td>\n",
       "      <td>-0.007261</td>\n",
       "      <td>0.001330</td>\n",
       "      <td>0.000524</td>\n",
       "      <td>0.001556</td>\n",
       "      <td>0.002861</td>\n",
       "      <td>0.002534</td>\n",
       "      <td>-0.005470</td>\n",
       "      <td>...</td>\n",
       "      <td>-0.001010</td>\n",
       "      <td>-0.002337</td>\n",
       "      <td>-0.000589</td>\n",
       "      <td>0.001793</td>\n",
       "      <td>0.000568</td>\n",
       "      <td>0.003882</td>\n",
       "      <td>-0.001296</td>\n",
       "      <td>0.000548</td>\n",
       "      <td>0.002148</td>\n",
       "      <td>-0.005657</td>\n",
       "    </tr>\n",
       "    <tr>\n",
       "      <th>DBC</th>\n",
       "      <td>-0.000305</td>\n",
       "      <td>-0.003336</td>\n",
       "      <td>0.021658</td>\n",
       "      <td>0.004041</td>\n",
       "      <td>-0.001039</td>\n",
       "      <td>0.000087</td>\n",
       "      <td>-0.000562</td>\n",
       "      <td>0.000579</td>\n",
       "      <td>-0.002785</td>\n",
       "      <td>0.085638</td>\n",
       "      <td>...</td>\n",
       "      <td>0.002921</td>\n",
       "      <td>0.007351</td>\n",
       "      <td>0.009231</td>\n",
       "      <td>0.006500</td>\n",
       "      <td>0.011294</td>\n",
       "      <td>0.006283</td>\n",
       "      <td>0.005813</td>\n",
       "      <td>0.005004</td>\n",
       "      <td>0.006042</td>\n",
       "      <td>0.002798</td>\n",
       "    </tr>\n",
       "    <tr>\n",
       "      <th>GLD</th>\n",
       "      <td>0.001621</td>\n",
       "      <td>-0.007261</td>\n",
       "      <td>0.004041</td>\n",
       "      <td>0.017012</td>\n",
       "      <td>0.002829</td>\n",
       "      <td>0.000674</td>\n",
       "      <td>0.001041</td>\n",
       "      <td>0.002229</td>\n",
       "      <td>0.005265</td>\n",
       "      <td>0.005527</td>\n",
       "      <td>...</td>\n",
       "      <td>0.000852</td>\n",
       "      <td>0.000271</td>\n",
       "      <td>0.000636</td>\n",
       "      <td>-0.002687</td>\n",
       "      <td>0.000112</td>\n",
       "      <td>-0.002965</td>\n",
       "      <td>-0.002432</td>\n",
       "      <td>-0.005398</td>\n",
       "      <td>-0.003095</td>\n",
       "      <td>-0.003231</td>\n",
       "    </tr>\n",
       "    <tr>\n",
       "      <th>IEF</th>\n",
       "      <td>0.001480</td>\n",
       "      <td>0.001330</td>\n",
       "      <td>-0.001039</td>\n",
       "      <td>0.002829</td>\n",
       "      <td>0.002631</td>\n",
       "      <td>0.000486</td>\n",
       "      <td>0.000964</td>\n",
       "      <td>0.001866</td>\n",
       "      <td>0.005544</td>\n",
       "      <td>-0.006197</td>\n",
       "      <td>...</td>\n",
       "      <td>0.000777</td>\n",
       "      <td>-0.001118</td>\n",
       "      <td>-0.001609</td>\n",
       "      <td>-0.002429</td>\n",
       "      <td>-0.001901</td>\n",
       "      <td>-0.002499</td>\n",
       "      <td>-0.001473</td>\n",
       "      <td>-0.002552</td>\n",
       "      <td>-0.002619</td>\n",
       "      <td>-0.000987</td>\n",
       "    </tr>\n",
       "    <tr>\n",
       "      <th>ISTB</th>\n",
       "      <td>0.000293</td>\n",
       "      <td>0.000524</td>\n",
       "      <td>0.000087</td>\n",
       "      <td>0.000674</td>\n",
       "      <td>0.000486</td>\n",
       "      <td>0.000268</td>\n",
       "      <td>0.000178</td>\n",
       "      <td>0.000355</td>\n",
       "      <td>0.000911</td>\n",
       "      <td>-0.000137</td>\n",
       "      <td>...</td>\n",
       "      <td>0.000355</td>\n",
       "      <td>0.000096</td>\n",
       "      <td>0.000015</td>\n",
       "      <td>-0.000229</td>\n",
       "      <td>0.000060</td>\n",
       "      <td>-0.000262</td>\n",
       "      <td>-0.000079</td>\n",
       "      <td>-0.000320</td>\n",
       "      <td>-0.000238</td>\n",
       "      <td>-0.000120</td>\n",
       "    </tr>\n",
       "    <tr>\n",
       "      <th>MUB</th>\n",
       "      <td>0.000550</td>\n",
       "      <td>0.001556</td>\n",
       "      <td>-0.000562</td>\n",
       "      <td>0.001041</td>\n",
       "      <td>0.000964</td>\n",
       "      <td>0.000178</td>\n",
       "      <td>0.000763</td>\n",
       "      <td>0.000693</td>\n",
       "      <td>0.002100</td>\n",
       "      <td>-0.002699</td>\n",
       "      <td>...</td>\n",
       "      <td>0.000419</td>\n",
       "      <td>-0.000279</td>\n",
       "      <td>-0.000559</td>\n",
       "      <td>-0.000795</td>\n",
       "      <td>-0.000615</td>\n",
       "      <td>-0.000827</td>\n",
       "      <td>-0.000506</td>\n",
       "      <td>-0.000953</td>\n",
       "      <td>-0.000806</td>\n",
       "      <td>-0.000622</td>\n",
       "    </tr>\n",
       "    <tr>\n",
       "      <th>TIP</th>\n",
       "      <td>0.001105</td>\n",
       "      <td>0.002861</td>\n",
       "      <td>0.000579</td>\n",
       "      <td>0.002229</td>\n",
       "      <td>0.001866</td>\n",
       "      <td>0.000355</td>\n",
       "      <td>0.000693</td>\n",
       "      <td>0.001887</td>\n",
       "      <td>0.004006</td>\n",
       "      <td>0.001293</td>\n",
       "      <td>...</td>\n",
       "      <td>0.001070</td>\n",
       "      <td>0.000095</td>\n",
       "      <td>-0.000150</td>\n",
       "      <td>-0.000977</td>\n",
       "      <td>-0.000108</td>\n",
       "      <td>-0.001143</td>\n",
       "      <td>-0.000295</td>\n",
       "      <td>-0.001014</td>\n",
       "      <td>-0.001058</td>\n",
       "      <td>-0.000048</td>\n",
       "    </tr>\n",
       "    <tr>\n",
       "      <th>TLT</th>\n",
       "      <td>0.003227</td>\n",
       "      <td>0.002534</td>\n",
       "      <td>-0.002785</td>\n",
       "      <td>0.005265</td>\n",
       "      <td>0.005544</td>\n",
       "      <td>0.000911</td>\n",
       "      <td>0.002100</td>\n",
       "      <td>0.004006</td>\n",
       "      <td>0.013654</td>\n",
       "      <td>-0.015820</td>\n",
       "      <td>...</td>\n",
       "      <td>0.001594</td>\n",
       "      <td>-0.002708</td>\n",
       "      <td>-0.003841</td>\n",
       "      <td>-0.005138</td>\n",
       "      <td>-0.004498</td>\n",
       "      <td>-0.005367</td>\n",
       "      <td>-0.003187</td>\n",
       "      <td>-0.005315</td>\n",
       "      <td>-0.005399</td>\n",
       "      <td>-0.001188</td>\n",
       "    </tr>\n",
       "    <tr>\n",
       "      <th>UCO</th>\n",
       "      <td>-0.002348</td>\n",
       "      <td>-0.005470</td>\n",
       "      <td>0.085638</td>\n",
       "      <td>0.005527</td>\n",
       "      <td>-0.006197</td>\n",
       "      <td>-0.000137</td>\n",
       "      <td>-0.002699</td>\n",
       "      <td>0.001293</td>\n",
       "      <td>-0.015820</td>\n",
       "      <td>0.420793</td>\n",
       "      <td>...</td>\n",
       "      <td>0.011565</td>\n",
       "      <td>0.028374</td>\n",
       "      <td>0.036683</td>\n",
       "      <td>0.028647</td>\n",
       "      <td>0.045221</td>\n",
       "      <td>0.027670</td>\n",
       "      <td>0.024840</td>\n",
       "      <td>0.021694</td>\n",
       "      <td>0.026329</td>\n",
       "      <td>0.009013</td>\n",
       "    </tr>\n",
       "    <tr>\n",
       "      <th>VEU</th>\n",
       "      <td>-0.000596</td>\n",
       "      <td>0.000379</td>\n",
       "      <td>0.009217</td>\n",
       "      <td>-0.000716</td>\n",
       "      <td>-0.002047</td>\n",
       "      <td>-0.000074</td>\n",
       "      <td>-0.000682</td>\n",
       "      <td>-0.000440</td>\n",
       "      <td>-0.004780</td>\n",
       "      <td>0.038037</td>\n",
       "      <td>...</td>\n",
       "      <td>0.010223</td>\n",
       "      <td>0.017126</td>\n",
       "      <td>0.018503</td>\n",
       "      <td>0.016080</td>\n",
       "      <td>0.023674</td>\n",
       "      <td>0.015616</td>\n",
       "      <td>0.011704</td>\n",
       "      <td>0.016074</td>\n",
       "      <td>0.018101</td>\n",
       "      <td>0.007469</td>\n",
       "    </tr>\n",
       "    <tr>\n",
       "      <th>VNQ</th>\n",
       "      <td>0.000852</td>\n",
       "      <td>-0.001010</td>\n",
       "      <td>0.002921</td>\n",
       "      <td>0.000852</td>\n",
       "      <td>0.000777</td>\n",
       "      <td>0.000355</td>\n",
       "      <td>0.000419</td>\n",
       "      <td>0.001070</td>\n",
       "      <td>0.001594</td>\n",
       "      <td>0.011565</td>\n",
       "      <td>...</td>\n",
       "      <td>0.020848</td>\n",
       "      <td>0.010525</td>\n",
       "      <td>0.009331</td>\n",
       "      <td>0.010947</td>\n",
       "      <td>0.012379</td>\n",
       "      <td>0.010242</td>\n",
       "      <td>0.005466</td>\n",
       "      <td>0.007185</td>\n",
       "      <td>0.011265</td>\n",
       "      <td>0.002068</td>\n",
       "    </tr>\n",
       "    <tr>\n",
       "      <th>VNQI</th>\n",
       "      <td>-0.000155</td>\n",
       "      <td>-0.002337</td>\n",
       "      <td>0.007351</td>\n",
       "      <td>0.000271</td>\n",
       "      <td>-0.001118</td>\n",
       "      <td>0.000096</td>\n",
       "      <td>-0.000279</td>\n",
       "      <td>0.000095</td>\n",
       "      <td>-0.002708</td>\n",
       "      <td>0.028374</td>\n",
       "      <td>...</td>\n",
       "      <td>0.010525</td>\n",
       "      <td>0.017783</td>\n",
       "      <td>0.015693</td>\n",
       "      <td>0.013229</td>\n",
       "      <td>0.020725</td>\n",
       "      <td>0.012708</td>\n",
       "      <td>0.008735</td>\n",
       "      <td>0.011701</td>\n",
       "      <td>0.014992</td>\n",
       "      <td>0.004160</td>\n",
       "    </tr>\n",
       "    <tr>\n",
       "      <th>VSS</th>\n",
       "      <td>-0.000386</td>\n",
       "      <td>-0.000589</td>\n",
       "      <td>0.009231</td>\n",
       "      <td>0.000636</td>\n",
       "      <td>-0.001609</td>\n",
       "      <td>0.000015</td>\n",
       "      <td>-0.000559</td>\n",
       "      <td>-0.000150</td>\n",
       "      <td>-0.003841</td>\n",
       "      <td>0.036683</td>\n",
       "      <td>...</td>\n",
       "      <td>0.009331</td>\n",
       "      <td>0.015693</td>\n",
       "      <td>0.018284</td>\n",
       "      <td>0.014536</td>\n",
       "      <td>0.021555</td>\n",
       "      <td>0.013936</td>\n",
       "      <td>0.009759</td>\n",
       "      <td>0.013395</td>\n",
       "      <td>0.016485</td>\n",
       "      <td>0.006403</td>\n",
       "    </tr>\n",
       "    <tr>\n",
       "      <th>VTI</th>\n",
       "      <td>-0.000899</td>\n",
       "      <td>0.001793</td>\n",
       "      <td>0.006500</td>\n",
       "      <td>-0.002687</td>\n",
       "      <td>-0.002429</td>\n",
       "      <td>-0.000229</td>\n",
       "      <td>-0.000795</td>\n",
       "      <td>-0.000977</td>\n",
       "      <td>-0.005138</td>\n",
       "      <td>0.028647</td>\n",
       "      <td>...</td>\n",
       "      <td>0.010947</td>\n",
       "      <td>0.013229</td>\n",
       "      <td>0.014536</td>\n",
       "      <td>0.017467</td>\n",
       "      <td>0.018462</td>\n",
       "      <td>0.016876</td>\n",
       "      <td>0.008825</td>\n",
       "      <td>0.012438</td>\n",
       "      <td>0.020003</td>\n",
       "      <td>0.004634</td>\n",
       "    </tr>\n",
       "    <tr>\n",
       "      <th>VWO</th>\n",
       "      <td>-0.000358</td>\n",
       "      <td>0.000568</td>\n",
       "      <td>0.011294</td>\n",
       "      <td>0.000112</td>\n",
       "      <td>-0.001901</td>\n",
       "      <td>0.000060</td>\n",
       "      <td>-0.000615</td>\n",
       "      <td>-0.000108</td>\n",
       "      <td>-0.004498</td>\n",
       "      <td>0.045221</td>\n",
       "      <td>...</td>\n",
       "      <td>0.012379</td>\n",
       "      <td>0.020725</td>\n",
       "      <td>0.021555</td>\n",
       "      <td>0.018462</td>\n",
       "      <td>0.033608</td>\n",
       "      <td>0.017661</td>\n",
       "      <td>0.012410</td>\n",
       "      <td>0.016254</td>\n",
       "      <td>0.021301</td>\n",
       "      <td>0.005767</td>\n",
       "    </tr>\n",
       "    <tr>\n",
       "      <th>^DJI</th>\n",
       "      <td>-0.000967</td>\n",
       "      <td>0.003882</td>\n",
       "      <td>0.006283</td>\n",
       "      <td>-0.002965</td>\n",
       "      <td>-0.002499</td>\n",
       "      <td>-0.000262</td>\n",
       "      <td>-0.000827</td>\n",
       "      <td>-0.001143</td>\n",
       "      <td>-0.005367</td>\n",
       "      <td>0.027670</td>\n",
       "      <td>...</td>\n",
       "      <td>0.010242</td>\n",
       "      <td>0.012708</td>\n",
       "      <td>0.013936</td>\n",
       "      <td>0.016876</td>\n",
       "      <td>0.017661</td>\n",
       "      <td>0.017780</td>\n",
       "      <td>0.008741</td>\n",
       "      <td>0.012420</td>\n",
       "      <td>0.018541</td>\n",
       "      <td>0.004782</td>\n",
       "    </tr>\n",
       "    <tr>\n",
       "      <th>^FTSE</th>\n",
       "      <td>-0.000433</td>\n",
       "      <td>-0.001296</td>\n",
       "      <td>0.005813</td>\n",
       "      <td>-0.002432</td>\n",
       "      <td>-0.001473</td>\n",
       "      <td>-0.000079</td>\n",
       "      <td>-0.000506</td>\n",
       "      <td>-0.000295</td>\n",
       "      <td>-0.003187</td>\n",
       "      <td>0.024840</td>\n",
       "      <td>...</td>\n",
       "      <td>0.005466</td>\n",
       "      <td>0.008735</td>\n",
       "      <td>0.009759</td>\n",
       "      <td>0.008825</td>\n",
       "      <td>0.012410</td>\n",
       "      <td>0.008741</td>\n",
       "      <td>0.018143</td>\n",
       "      <td>0.018778</td>\n",
       "      <td>0.009366</td>\n",
       "      <td>0.008127</td>\n",
       "    </tr>\n",
       "    <tr>\n",
       "      <th>^GDAXI</th>\n",
       "      <td>-0.000918</td>\n",
       "      <td>0.000548</td>\n",
       "      <td>0.005004</td>\n",
       "      <td>-0.005398</td>\n",
       "      <td>-0.002552</td>\n",
       "      <td>-0.000320</td>\n",
       "      <td>-0.000953</td>\n",
       "      <td>-0.001014</td>\n",
       "      <td>-0.005315</td>\n",
       "      <td>0.021694</td>\n",
       "      <td>...</td>\n",
       "      <td>0.007185</td>\n",
       "      <td>0.011701</td>\n",
       "      <td>0.013395</td>\n",
       "      <td>0.012438</td>\n",
       "      <td>0.016254</td>\n",
       "      <td>0.012420</td>\n",
       "      <td>0.018778</td>\n",
       "      <td>0.031299</td>\n",
       "      <td>0.013879</td>\n",
       "      <td>0.010239</td>\n",
       "    </tr>\n",
       "    <tr>\n",
       "      <th>^IXIC</th>\n",
       "      <td>-0.000938</td>\n",
       "      <td>0.002148</td>\n",
       "      <td>0.006042</td>\n",
       "      <td>-0.003095</td>\n",
       "      <td>-0.002619</td>\n",
       "      <td>-0.000238</td>\n",
       "      <td>-0.000806</td>\n",
       "      <td>-0.001058</td>\n",
       "      <td>-0.005399</td>\n",
       "      <td>0.026329</td>\n",
       "      <td>...</td>\n",
       "      <td>0.011265</td>\n",
       "      <td>0.014992</td>\n",
       "      <td>0.016485</td>\n",
       "      <td>0.020003</td>\n",
       "      <td>0.021301</td>\n",
       "      <td>0.018541</td>\n",
       "      <td>0.009366</td>\n",
       "      <td>0.013879</td>\n",
       "      <td>0.025397</td>\n",
       "      <td>0.004514</td>\n",
       "    </tr>\n",
       "    <tr>\n",
       "      <th>^N225</th>\n",
       "      <td>-0.000382</td>\n",
       "      <td>-0.005657</td>\n",
       "      <td>0.002798</td>\n",
       "      <td>-0.003231</td>\n",
       "      <td>-0.000987</td>\n",
       "      <td>-0.000120</td>\n",
       "      <td>-0.000622</td>\n",
       "      <td>-0.000048</td>\n",
       "      <td>-0.001188</td>\n",
       "      <td>0.009013</td>\n",
       "      <td>...</td>\n",
       "      <td>0.002068</td>\n",
       "      <td>0.004160</td>\n",
       "      <td>0.006403</td>\n",
       "      <td>0.004634</td>\n",
       "      <td>0.005767</td>\n",
       "      <td>0.004782</td>\n",
       "      <td>0.008127</td>\n",
       "      <td>0.010239</td>\n",
       "      <td>0.004514</td>\n",
       "      <td>0.039535</td>\n",
       "    </tr>\n",
       "  </tbody>\n",
       "</table>\n",
       "<p>21 rows × 21 columns</p>\n",
       "</div>"
      ],
      "text/plain": [
       "               BND  BTCUSD=X       DBC       GLD       IEF      ISTB  \\\n",
       "BND       0.000941  0.001059 -0.000305  0.001621  0.001480  0.000293   \n",
       "BTCUSD=X  0.001059  3.063160 -0.003336 -0.007261  0.001330  0.000524   \n",
       "DBC      -0.000305 -0.003336  0.021658  0.004041 -0.001039  0.000087   \n",
       "GLD       0.001621 -0.007261  0.004041  0.017012  0.002829  0.000674   \n",
       "IEF       0.001480  0.001330 -0.001039  0.002829  0.002631  0.000486   \n",
       "ISTB      0.000293  0.000524  0.000087  0.000674  0.000486  0.000268   \n",
       "MUB       0.000550  0.001556 -0.000562  0.001041  0.000964  0.000178   \n",
       "TIP       0.001105  0.002861  0.000579  0.002229  0.001866  0.000355   \n",
       "TLT       0.003227  0.002534 -0.002785  0.005265  0.005544  0.000911   \n",
       "UCO      -0.002348 -0.005470  0.085638  0.005527 -0.006197 -0.000137   \n",
       "VEU      -0.000596  0.000379  0.009217 -0.000716 -0.002047 -0.000074   \n",
       "VNQ       0.000852 -0.001010  0.002921  0.000852  0.000777  0.000355   \n",
       "VNQI     -0.000155 -0.002337  0.007351  0.000271 -0.001118  0.000096   \n",
       "VSS      -0.000386 -0.000589  0.009231  0.000636 -0.001609  0.000015   \n",
       "VTI      -0.000899  0.001793  0.006500 -0.002687 -0.002429 -0.000229   \n",
       "VWO      -0.000358  0.000568  0.011294  0.000112 -0.001901  0.000060   \n",
       "^DJI     -0.000967  0.003882  0.006283 -0.002965 -0.002499 -0.000262   \n",
       "^FTSE    -0.000433 -0.001296  0.005813 -0.002432 -0.001473 -0.000079   \n",
       "^GDAXI   -0.000918  0.000548  0.005004 -0.005398 -0.002552 -0.000320   \n",
       "^IXIC    -0.000938  0.002148  0.006042 -0.003095 -0.002619 -0.000238   \n",
       "^N225    -0.000382 -0.005657  0.002798 -0.003231 -0.000987 -0.000120   \n",
       "\n",
       "               MUB       TIP       TLT       UCO    ...          VNQ  \\\n",
       "BND       0.000550  0.001105  0.003227 -0.002348    ...     0.000852   \n",
       "BTCUSD=X  0.001556  0.002861  0.002534 -0.005470    ...    -0.001010   \n",
       "DBC      -0.000562  0.000579 -0.002785  0.085638    ...     0.002921   \n",
       "GLD       0.001041  0.002229  0.005265  0.005527    ...     0.000852   \n",
       "IEF       0.000964  0.001866  0.005544 -0.006197    ...     0.000777   \n",
       "ISTB      0.000178  0.000355  0.000911 -0.000137    ...     0.000355   \n",
       "MUB       0.000763  0.000693  0.002100 -0.002699    ...     0.000419   \n",
       "TIP       0.000693  0.001887  0.004006  0.001293    ...     0.001070   \n",
       "TLT       0.002100  0.004006  0.013654 -0.015820    ...     0.001594   \n",
       "UCO      -0.002699  0.001293 -0.015820  0.420793    ...     0.011565   \n",
       "VEU      -0.000682 -0.000440 -0.004780  0.038037    ...     0.010223   \n",
       "VNQ       0.000419  0.001070  0.001594  0.011565    ...     0.020848   \n",
       "VNQI     -0.000279  0.000095 -0.002708  0.028374    ...     0.010525   \n",
       "VSS      -0.000559 -0.000150 -0.003841  0.036683    ...     0.009331   \n",
       "VTI      -0.000795 -0.000977 -0.005138  0.028647    ...     0.010947   \n",
       "VWO      -0.000615 -0.000108 -0.004498  0.045221    ...     0.012379   \n",
       "^DJI     -0.000827 -0.001143 -0.005367  0.027670    ...     0.010242   \n",
       "^FTSE    -0.000506 -0.000295 -0.003187  0.024840    ...     0.005466   \n",
       "^GDAXI   -0.000953 -0.001014 -0.005315  0.021694    ...     0.007185   \n",
       "^IXIC    -0.000806 -0.001058 -0.005399  0.026329    ...     0.011265   \n",
       "^N225    -0.000622 -0.000048 -0.001188  0.009013    ...     0.002068   \n",
       "\n",
       "              VNQI       VSS       VTI       VWO      ^DJI     ^FTSE  \\\n",
       "BND      -0.000155 -0.000386 -0.000899 -0.000358 -0.000967 -0.000433   \n",
       "BTCUSD=X -0.002337 -0.000589  0.001793  0.000568  0.003882 -0.001296   \n",
       "DBC       0.007351  0.009231  0.006500  0.011294  0.006283  0.005813   \n",
       "GLD       0.000271  0.000636 -0.002687  0.000112 -0.002965 -0.002432   \n",
       "IEF      -0.001118 -0.001609 -0.002429 -0.001901 -0.002499 -0.001473   \n",
       "ISTB      0.000096  0.000015 -0.000229  0.000060 -0.000262 -0.000079   \n",
       "MUB      -0.000279 -0.000559 -0.000795 -0.000615 -0.000827 -0.000506   \n",
       "TIP       0.000095 -0.000150 -0.000977 -0.000108 -0.001143 -0.000295   \n",
       "TLT      -0.002708 -0.003841 -0.005138 -0.004498 -0.005367 -0.003187   \n",
       "UCO       0.028374  0.036683  0.028647  0.045221  0.027670  0.024840   \n",
       "VEU       0.017126  0.018503  0.016080  0.023674  0.015616  0.011704   \n",
       "VNQ       0.010525  0.009331  0.010947  0.012379  0.010242  0.005466   \n",
       "VNQI      0.017783  0.015693  0.013229  0.020725  0.012708  0.008735   \n",
       "VSS       0.015693  0.018284  0.014536  0.021555  0.013936  0.009759   \n",
       "VTI       0.013229  0.014536  0.017467  0.018462  0.016876  0.008825   \n",
       "VWO       0.020725  0.021555  0.018462  0.033608  0.017661  0.012410   \n",
       "^DJI      0.012708  0.013936  0.016876  0.017661  0.017780  0.008741   \n",
       "^FTSE     0.008735  0.009759  0.008825  0.012410  0.008741  0.018143   \n",
       "^GDAXI    0.011701  0.013395  0.012438  0.016254  0.012420  0.018778   \n",
       "^IXIC     0.014992  0.016485  0.020003  0.021301  0.018541  0.009366   \n",
       "^N225     0.004160  0.006403  0.004634  0.005767  0.004782  0.008127   \n",
       "\n",
       "            ^GDAXI     ^IXIC     ^N225  \n",
       "BND      -0.000918 -0.000938 -0.000382  \n",
       "BTCUSD=X  0.000548  0.002148 -0.005657  \n",
       "DBC       0.005004  0.006042  0.002798  \n",
       "GLD      -0.005398 -0.003095 -0.003231  \n",
       "IEF      -0.002552 -0.002619 -0.000987  \n",
       "ISTB     -0.000320 -0.000238 -0.000120  \n",
       "MUB      -0.000953 -0.000806 -0.000622  \n",
       "TIP      -0.001014 -0.001058 -0.000048  \n",
       "TLT      -0.005315 -0.005399 -0.001188  \n",
       "UCO       0.021694  0.026329  0.009013  \n",
       "VEU       0.016074  0.018101  0.007469  \n",
       "VNQ       0.007185  0.011265  0.002068  \n",
       "VNQI      0.011701  0.014992  0.004160  \n",
       "VSS       0.013395  0.016485  0.006403  \n",
       "VTI       0.012438  0.020003  0.004634  \n",
       "VWO       0.016254  0.021301  0.005767  \n",
       "^DJI      0.012420  0.018541  0.004782  \n",
       "^FTSE     0.018778  0.009366  0.008127  \n",
       "^GDAXI    0.031299  0.013879  0.010239  \n",
       "^IXIC     0.013879  0.025397  0.004514  \n",
       "^N225     0.010239  0.004514  0.039535  \n",
       "\n",
       "[21 rows x 21 columns]"
      ]
     },
     "execution_count": 146,
     "metadata": {},
     "output_type": "execute_result"
    }
   ],
   "source": [
    "Asset_Class_Cov_Matrix = Asset_Class_Returns.cov() * 250\n",
    "Asset_Class_Cov_Matrix"
   ]
  },
  {
   "cell_type": "code",
   "execution_count": 147,
   "metadata": {},
   "outputs": [],
   "source": [
    "Asset_Class_Corr_Matrix = Asset_Class_Returns.corr() "
   ]
  },
  {
   "cell_type": "code",
   "execution_count": 148,
   "metadata": {},
   "outputs": [],
   "source": [
    "Asset_Class_Corr_Matrix.to_excel('C:\\Users\\AJ\\Documents\\Asset_Class_Corr_Matrix-No-Index.xlsx')"
   ]
  },
  {
   "cell_type": "code",
   "execution_count": 149,
   "metadata": {},
   "outputs": [
    {
     "data": {
      "text/plain": [
       "<matplotlib.axes._subplots.AxesSubplot at 0x17361510>"
      ]
     },
     "execution_count": 149,
     "metadata": {},
     "output_type": "execute_result"
    },
    {
     "data": {
